PredictOpen,ActualOpen,PredictClose,ActualClose,PredictLow,ActualLow,PredictHigh,ActualHigh
74.17245483398438,75.38571166992188,75.32571411132812,75.24857330322266,74.32927703857422,75.12142944335938,74.4732666015625,75.70999908447266
77.7283935546875,75.12857055664062,77.43712615966797,75.9142837524414,75.84732055664062,75.02857208251953,76.70881652832031,75.99571228027344
78.26729583740234,76.03713989257812,77.29257202148438,75.894287109375,72.96751403808594,75.57142639160156,77.39054870605469,76.605712890625
77.7168960571289,75.69857025146484,76.20091247558594,75.52857208251953,75.02799224853516,75.3357162475586,75.74061584472656,76.09571075439453
77.15080261230469,75.98999786376953,76.07405090332031,76.12428283691406,75.82429504394531,75.19000244140625,75.18803405761719,76.25
76.29468536376953,76.91714477539062,75.40380096435547,77.02714538574219,74.68936157226562,76.43714141845703,74.61064147949219,77.21428680419922
75.4575424194336,77.35713958740234,75.33798217773438,77.855712890625,75.01538848876953,77.08428192138672,75.41724395751953,77.96428680419922
75.32672882080078,78.07428741455078,75.34677124023438,77.1114273071289,75.1559829711914,76.9800033569336,75.33941650390625,78.42857360839844
75.55659484863281,77.14571380615234,75.54949951171875,76.77999877929688,75.40782165527344,76.44571685791016,75.25935363769531,77.35713958740234
76.13574981689453,76.9028549194336,75.83668518066406,76.69428253173828,75.6404800415039,76.32142639160156,74.84039306640625,76.9914321899414
76.88603210449219,77.0328598022461,76.30292510986328,76.67713928222656,76.05690002441406,76.56143188476562,74.60733032226562,77.2585678100586
77.74615478515625,76.82286071777344,76.88899230957031,77.37857055664062,76.5949478149414,76.68142700195312,74.51909637451172,77.41000366210938
78.30290222167969,77.48285675048828,77.37653350830078,77.50714111328125,77.09848022460938,77.18000030517578,74.72454071044922,77.63999938964844
78.77043151855469,77.3414306640625,77.77166748046875,76.97000122070312,77.49464416503906,76.80571746826172,74.88725280761719,77.5
79.11400604248047,77.11571502685547,78.02920532226562,75.97428894042969,77.74175262451172,75.7971420288086,74.91473388671875,77.14286041259766
78.46610260009766,75.43142700195312,77.72305297851562,74.78142547607422,77.56573486328125,74.55571746826172,75.16879272460938,75.84285736083984
77.01626586914062,75.02714538574219,76.69474792480469,74.77714538574219,76.67865753173828,74.0999984741211,74.90665435791016,75.16000366210938
75.92498779296875,74.66285705566406,75.72897338867188,75.76000213623047,75.74256134033203,74.57428741455078,74.21627044677734,75.78428649902344
75.7715835571289,75.81143188476562,75.3900146484375,74.7828598022461,75.32450866699219,74.73857116699219,73.60511779785156,76.03428649902344
75.91279602050781,74.14286041259766,75.40247344970703,74.2300033569336,75.27981567382812,73.87714385986328,73.43878173828125,74.69000244140625
75.57984924316406,74.55714416503906,75.13134765625,74.52571105957031,75.0197525024414,73.88714599609375,73.31836700439453,74.59428405761719
75.63006591796875,74.32428741455078,75.03950500488281,73.9942855834961,74.8704605102539,73.0471420288086,73.00630950927734,74.5199966430664
75.40363311767578,74.00714111328125,74.8851318359375,74.144287109375,74.73954772949219,73.44857025146484,72.9857177734375,74.4414291381836
75.40682220458984,74.28571319580078,74.8009262084961,74.9914321899414,74.62176513671875,74.17142486572266,72.75886535644531,75.394287109375
75.35610961914062,75.04856872558594,74.84986114501953,75.88143157958984,74.70104217529297,74.85142517089844,73.00221252441406,76.0199966430664
76.05213165283203,75.47285461425781,75.26266479492188,75.95714569091797,75.00411987304688,75.21428680419922,72.95887756347656,75.97571563720703
76.89702606201172,75.58000183105469,75.90545654296875,74.96428680419922,75.576416015625,74.92142486572266,73.2460708618164,75.87571716308594
76.23627471923828,81.17285919189453,75.80345153808594,81.11000061035156,75.66590881347656,80.10428619384766,74.14698791503906,81.42857360839844
74.96954345703125,80.64714050292969,75.65940856933594,81.7057113647461,75.69143676757812,80.56571197509766,76.533935546875,81.71286010742188
75.38352966308594,81.82857513427734,75.63450622558594,84.87000274658203,75.3463134765625,81.79285430908203,76.31033325195312,85.10713958740234
77.00102233886719,84.81999969482422,76.80628967285156,84.61856842041016,76.00749206542969,84.21571350097656,77.55107116699219,85.13999938964844
77.67906188964844,84.66285705566406,77.87657165527344,84.29856872558594,77.60931396484375,84.25714111328125,78.74881744384766,85.63285827636719
79.85899353027344,84.57142639160156,79.76889038085938,84.49714660644531,79.39364624023438,83.76571655273438,80.16944885253906,84.97142791748047
82.16392517089844,84.62000274658203,81.43779754638672,84.65428924560547,80.87483215332031,84.2442855834961,80.5809326171875,84.88571166992188
84.38687133789062,84.30571746826172,83.16465759277344,85.85142517089844,82.50922393798828,84.28571319580078,81.1116943359375,85.85713958740234
85.46190643310547,85.97142791748047,84.29273986816406,84.91571807861328,83.74462890625,84.91571807861328,81.98094940185547,86.34428405761719
85.14006805419922,85.03571319580078,84.42437744140625,84.61856842041016,84.09371185302734,83.96142578125,82.67819213867188,85.32714080810547
84.498046875,84.03571319580078,83.9365005493164,83.99857330322266,83.69351196289062,83.77143096923828,82.3251953125,84.91571807861328
84.18213653564453,83.5057144165039,83.52243041992188,83.64857482910156,83.27654266357422,82.90428924560547,81.60990142822266,83.75
83.51190185546875,83.92713928222656,82.9596939086914,84.69000244140625,82.78073120117188,83.9142837524414,81.11717987060547,84.8085708618164
83.53504943847656,84.57142639160156,82.79660034179688,84.82286071777344,82.5720443725586,84.38571166992188,80.54576110839844,84.93428802490234
84.31448364257812,84.63285827636719,83.18389892578125,84.83856964111328,82.84211730957031,84.53428649902344,80.16136169433594,85.34285736083984
85.22354125976562,84.95714569091797,83.81320190429688,84.11714172363281,83.3989028930664,84.0057144165039,80.19688415527344,85.22856903076172
85.4329833984375,84.08999633789062,84.10525512695312,85.35857391357422,83.7409439086914,83.62857055664062,80.55122375488281,85.3614273071289
84.99100494384766,85.40714263916016,83.96422576904297,86.37000274658203,83.71041870117188,85.33285522460938,80.92041778564453,86.76142883300781
84.55662536621094,86.35857391357422,83.849853515625,86.38714599609375,83.69001007080078,85.81857299804688,81.44343566894531,86.62857055664062
84.86844635009766,86.26142883300781,84.05601501464844,86.61571502685547,83.82787322998047,86.0085678100586,81.58950805664062,86.67142486572266
85.88762664794922,86.65714263916016,84.77386474609375,86.75285339355469,84.42176818847656,86.30000305175781,81.85211181640625,87.12142944335938
87.68411254882812,86.75,85.95756530761719,87.73285675048828,85.72933197021484,86.6385726928711,82.70352935791016,87.81857299804688
89.32035827636719,87.98285675048828,87.15815734863281,89.37571716308594,87.12655639648438,87.9471435546875,83.89628601074219,89.4085693359375
89.97211456298828,89.43142700195312,87.98921966552734,89.144287109375,88.17630767822266,89.1114273071289,85.42127990722656,89.97571563720703
90.50958251953125,89.69285583496094,88.61944580078125,90.76856994628906,88.8768310546875,89.68142700195312,86.52836608886719,90.98143005371094
90.83905029296875,91.13999938964844,89.20027160644531,90.42857360839844,89.4808120727539,89.84285736083984,87.70468139648438,92.02428436279297
89.41600036621094,90.56571197509766,88.87826538085938,89.80714416503906,89.28043365478516,88.92857360839844,88.95040893554688,90.69000244140625
88.96329498291016,89.77999877929688,88.60868835449219,91.07714080810547,88.80464935302734,89.75,88.87727355957031,91.24857330322266
90.42012786865234,91.06285858154297,89.62277221679688,92.11714172363281,89.38967895507812,90.87285614013672,89.17408752441406,92.55571746826172
92.59619140625,92.31428527832031,91.24314880371094,92.47856903076172,90.86652374267578,91.80142974853516,90.2796401977539,92.76714324951172
94.97615814208984,92.84285736083984,92.98757934570312,92.22428894042969,92.52972412109375,92.06714630126953,91.53057861328125,93.03713989257812
96.61968231201172,92.69999694824219,94.280029296875,93.69999694824219,93.91178894042969,91.75,92.79854583740234,93.87999725341797
98.0943374633789,94.7300033569336,95.36743927001953,94.25,95.00569915771484,93.56999969482422,93.7107925415039,95.05000305175781
100.21182250976562,94.12999725341797,96.83260345458984,93.86000061035156,96.4176025390625,93.47000122070312,94.65363311767578,94.76000213623047
102.28126525878906,94.04000091552734,99.24047088623047,92.29000091552734,97.93223571777344,91.9000015258789,96.32240295410156,94.12000274658203
103.84965515136719,92.19999694824219,100.51266479492188,91.27999877929688,99.16637420654297,90.87999725341797,97.31889343261719,92.44000244140625
104.49817657470703,91.51000213623047,100.51598358154297,92.19999694824219,99.66453552246094,91.44999694824219,97.37214660644531,92.75
105.55477905273438,92.30999755859375,100.65186309814453,92.08000183105469,100.47747039794922,91.80000305175781,97.63492584228516,92.69999694824219
107.25845336914062,92.2699966430664,101.22803497314453,92.18000030517578,101.88558197021484,91.3499984741211,98.32217407226562,92.29000091552734
109.21422576904297,92.29000091552734,102.02787017822266,91.86000061035156,103.66068267822266,91.33999633789062,99.00286102294922,92.30000305175781
110.7995376586914,91.8499984741211,102.50863647460938,90.91000366210938,105.1435317993164,90.9000015258789,99.55696868896484,92.55000305175781
109.23251342773438,91.31999969482422,100.5374755859375,90.83000183105469,104.4534912109375,90.5999984741211,98.91434478759766,91.62000274658203
108.23754119873047,90.75,99.69673156738281,90.27999877929688,103.85875701904297,90.19000244140625,98.18917846679688,91.73999786376953
108.6356201171875,90.20999908447266,100.35346221923828,90.36000061035156,104.51953887939453,89.6500015258789,98.47552490234375,90.69999694824219
109.80435180664062,90.37000274658203,101.54492950439453,90.9000015258789,105.86312103271484,89.80000305175781,99.33958435058594,91.05000305175781
111.73287963867188,90.81999969482422,103.29804229736328,91.9800033569336,107.87833404541016,90.7699966430664,100.83863067626953,92.0
113.22549438476562,92.0999984741211,104.45979309082031,92.93000030517578,109.52208709716797,92.08999633789062,102.47298431396484,93.7300033569336
115.20166015625,93.5199966430664,106.13224029541016,93.5199966430664,111.31187438964844,93.12999725341797,104.39988708496094,94.06999969482422
118.02767181396484,93.87000274658203,108.61812591552734,93.4800033569336,113.72067260742188,93.08999633789062,106.90123748779297,94.05999755859375
121.37507629394531,93.66999816894531,111.27981567382812,94.02999877929688,116.4798812866211,93.19999694824219,109.67904663085938,94.0999984741211
125.00682830810547,94.13999938964844,113.99999237060547,95.97000122070312,119.52337646484375,94.0999984741211,112.66175079345703,95.98999786376953
128.00563049316406,96.2699966430664,116.05543518066406,95.3499984741211,122.1601333618164,93.91999816894531,115.59033966064453,96.80000305175781
129.98619079589844,95.44000244140625,117.21675872802734,95.38999938964844,123.80551147460938,94.76000213623047,117.8606948852539,95.94999694824219
132.08421325683594,93.76000213623047,118.86885833740234,95.04000091552734,125.6294174194336,93.5199966430664,119.9782485961914,95.55000305175781
134.12701416015625,95.36000061035156,120.44632720947266,95.22000122070312,127.5386734008789,94.86000061035156,121.98795318603516,95.88999938964844
136.7611083984375,95.86000061035156,122.58531188964844,96.44999694824219,130.05953979492188,95.6500015258789,124.2967758178711,96.88999938964844
139.4729461669922,96.80000305175781,124.77452087402344,95.31999969482422,132.7738494873047,95.02999877929688,126.69584655761719,96.8499984741211
141.71788024902344,96.97000122070312,126.44058227539062,94.77999877929688,135.08009338378906,94.73999786376953,128.63204956054688,97.0999984741211
143.3782501220703,95.02999877929688,127.63072967529297,93.08999633789062,136.9171600341797,92.56999969482422,130.09561157226562,95.27999877929688
143.9841766357422,93.62000274658203,127.84849548339844,94.43000030517578,137.80577087402344,93.0199966430664,130.6641387939453,94.73999786376953
144.37892150878906,94.98999786376953,128.08892822265625,93.94000244140625,138.47975158691406,93.72000122070312,131.17318725585938,95.0
145.17897033691406,94.68000030517578,128.78268432617188,94.72000122070312,139.45616149902344,94.12000274658203,131.9961700439453,94.88999938964844
145.79635620117188,95.41999816894531,129.35873413085938,97.19000244140625,140.45849609375,95.16999816894531,132.806396484375,97.87999725341797
145.73916625976562,97.04000091552734,129.48837280273438,97.02999877929688,141.083984375,96.41999816894531,133.47946166992188,97.31999969482422
146.03868103027344,96.8499984741211,130.10073852539062,97.66999816894531,141.74021911621094,96.63999938964844,134.16082763671875,97.83999633789062
146.75279235839844,97.81999969482422,131.21633911132812,99.0199966430664,142.84776306152344,97.55000305175781,135.13836669921875,99.23999786376953
147.8954620361328,99.33000183105469,132.70045471191406,98.37999725341797,144.45938110351562,98.25,136.3024139404297,99.44000244140625
149.0737762451172,98.44000244140625,134.13943481445312,98.1500015258789,146.04940795898438,97.66999816894531,137.3982391357422,98.69999694824219
150.04946899414062,97.16000366210938,135.31785583496094,95.5999984741211,147.47032165527344,95.33000183105469,138.2866668701172,97.44999694824219
149.77725219726562,94.9000015258789,135.1454620361328,96.12999725341797,147.90452575683594,94.80999755859375,138.3843994140625,96.62000274658203
149.12875366210938,96.37000274658203,134.68446350097656,95.58999633789062,147.97576904296875,95.16999816894531,138.1651153564453,96.58000183105469
148.9107666015625,95.36000061035156,134.7864227294922,95.12000274658203,148.42367553710938,94.36000061035156,138.22216796875,95.68000030517578
148.4348907470703,94.75,134.58828735351562,94.95999908447266,148.69589233398438,94.70999908447266,138.12677001953125,95.4800033569336
148.17979431152344,94.93000030517578,134.64590454101562,94.4800033569336,149.0461883544922,94.0999984741211,138.17352294921875,95.94999694824219
148.076904296875,94.26000213623047,134.84103393554688,94.73999786376953,149.53839111328125,93.27999877929688,138.3914794921875,94.81999969482422
148.05711364746094,95.2699966430664,135.096435546875,95.98999786376953,150.0584259033203,94.83999633789062,138.638916015625,96.08000183105469
148.64251708984375,96.04000091552734,135.9912109375,95.97000122070312,151.0424346923828,95.61000061035156,139.438232421875,96.87999725341797
149.67538452148438,96.1500015258789,137.25445556640625,97.23999786376953,152.37661743164062,96.04000091552734,140.5503692626953,97.23999786376953
150.9822540283203,97.33000183105469,138.71519470214844,97.5,153.9232940673828,96.80000305175781,141.8233184814453,97.56999969482422
152.49356079101562,97.9000015258789,140.31903076171875,97.9800033569336,155.6166534423828,96.86000061035156,143.19931030273438,98.19000244140625
153.71714782714844,98.48999786376953,141.53045654296875,99.16000366210938,157.0826416015625,97.9800033569336,144.36582946777344,99.37000274658203
154.79750061035156,99.41000366210938,142.63381958007812,100.52999877929688,158.26614379882812,99.31999969482422,145.46218872070312,100.68000030517578
155.61102294921875,100.44000244140625,143.44345092773438,100.56999969482422,159.15904235839844,99.94999694824219,146.43142700195312,101.08999633789062
156.41006469726562,100.56999969482422,144.28530883789062,100.58000183105469,159.86558532714844,100.11000061035156,147.30392456054688,100.94000244140625
157.4340362548828,100.29000091552734,145.46034240722656,101.31999969482422,160.7445526123047,100.19000244140625,148.28692626953125,101.47000122070312
158.46078491210938,101.79000091552734,146.62466430664062,101.54000091552734,161.75636291503906,101.27999877929688,149.29736328125,102.16999816894531
159.53717041015625,101.41999816894531,147.82827758789062,100.88999938964844,162.8338165283203,100.86000061035156,150.33648681640625,101.5
160.3962860107422,101.0199966430664,148.74246215820312,102.12999725341797,163.7253875732422,100.69999694824219,151.07632446289062,102.56999969482422
160.86033630371094,101.58999633789062,149.21347045898438,102.25,164.31683349609375,101.55999755859375,151.54612731933594,102.77999877929688
160.74427795410156,102.86000061035156,149.10968017578125,102.5,164.3688201904297,102.19999694824219,151.61712646484375,102.9000015258789
160.6018829345703,103.05999755859375,149.13021850585938,103.30000305175781,164.24575805664062,102.72000122070312,151.6600799560547,103.73999786376953
160.41603088378906,103.0999984741211,149.17892456054688,98.94000244140625,164.11900329589844,98.58000183105469,151.73199462890625,103.19999694824219
158.6734161376953,98.8499984741211,147.32244873046875,98.12000274658203,162.68765258789062,97.79000091552734,150.52688598632812,100.08999633789062
156.1240692138672,98.80000305175781,145.01431274414062,98.97000122070312,160.30685424804688,98.30999755859375,148.68829345703125,99.38999938964844
154.14212036132812,99.30000305175781,143.84170532226562,98.36000061035156,158.4571990966797,98.05000305175781,147.52963256835938,99.30999755859375
152.98361206054688,99.08000183105469,143.71047973632812,97.98999786376953,157.52911376953125,96.13999938964844,147.133056640625,103.08000183105469
150.48983764648438,98.01000213623047,141.64828491210938,101.0,155.79100036621094,97.76000213623047,145.9235382080078,101.11000061035156
148.1641845703125,100.41000366210938,140.17652893066406,101.43000030517578,153.71438598632812,99.62000274658203,144.71836853027344,101.44000244140625
147.304931640625,101.20999908447266,140.55596923828125,101.66000366210938,152.93829345703125,101.08000183105469,144.66049194335938,102.19000244140625
147.6038360595703,102.80999755859375,141.93182373046875,101.62999725341797,153.39540100097656,101.44000244140625,145.42276000976562,103.05000305175781
148.4770965576172,99.80000305175781,143.55502319335938,100.86000061035156,154.48377990722656,98.88999938964844,146.44139099121094,101.26000213623047
148.81118774414062,101.2699966430664,144.3436279296875,101.58000183105469,155.25718688964844,100.58999633789062,146.8011474609375,101.80000305175781
149.19564819335938,101.93000030517578,145.13125610351562,101.79000091552734,156.06480407714844,101.55999755859375,147.1756591796875,102.3499984741211
149.9273681640625,102.29000091552734,146.21243286132812,100.95999908447266,157.14585876464844,100.5,147.73211669921875,102.3499984741211
150.17333984375,101.80000305175781,146.5705108642578,101.05999755859375,157.94969177246094,100.58000183105469,147.86077880859375,102.13999938964844
150.18617248535156,100.5999984741211,146.62864685058594,102.63999938964844,158.43907165527344,100.54000091552734,147.71249389648438,102.94000244140625
150.02525329589844,102.16000366210938,146.4615020751953,101.75,158.76467895507812,101.19999694824219,147.4600067138672,102.8499984741211
149.85643005371094,100.51000213623047,146.24050903320312,97.87000274658203,158.99627685546875,97.72000122070312,147.1977081298828,100.70999908447266
148.4955291748047,98.52999877929688,144.6432342529297,100.75,158.25851440429688,98.4000015258789,145.9605255126953,100.75
147.3656005859375,98.6500015258789,143.54476928710938,100.11000061035156,157.46435546875,98.62999725341797,145.01483154296875,100.44000244140625
146.88555908203125,100.80999755859375,143.25314331054688,100.75,157.22592163085938,100.52999877929688,144.67337036132812,101.54000091552734
147.22824096679688,100.58999633789062,143.766845703125,99.18000030517578,157.75283813476562,98.69999694824219,145.08775329589844,100.69000244140625
147.7108612060547,99.2699966430664,144.24270629882812,99.9000015258789,158.4134063720703,98.04000091552734,145.4730224609375,100.22000122070312
148.2980194091797,99.44000244140625,144.7768096923828,99.62000274658203,159.16111755371094,99.04000091552734,145.90185546875,100.20999908447266
149.1566162109375,99.94999694824219,145.54869079589844,99.62000274658203,160.1066436767578,99.41999816894531,146.5338134765625,100.6500015258789
150.3220672607422,99.43000030517578,146.56582641601562,98.75,161.27003479003906,98.7300033569336,147.36557006835938,100.12000274658203
151.29530334472656,98.76000213623047,147.32012939453125,100.80000305175781,162.30177307128906,98.30999755859375,148.01434326171875,101.11000061035156
152.0120086669922,101.54000091552734,147.7914581298828,101.0199966430664,163.09320068359375,100.61000061035156,148.52984619140625,102.37999725341797
152.55575561523438,100.69000244140625,148.03799438476562,100.7300033569336,163.6034698486328,100.30000305175781,148.98065185546875,102.02999877929688
152.81797790527344,101.33000183105469,147.99365234375,99.80999755859375,163.66029357910156,99.80999755859375,149.0930938720703,101.77999877929688
153.0625,100.38999938964844,148.08151245117188,98.75,163.6099395751953,98.56999969482422,149.16427612304688,100.5199966430664
152.9556427001953,97.97000122070312,147.91192626953125,97.54000091552734,163.3375701904297,95.18000030517578,149.00897216796875,99.1500015258789
151.81448364257812,95.55000305175781,146.62295532226562,96.26000213623047,162.22683715820312,95.41000366210938,148.07351684570312,97.72000122070312
150.4136505126953,97.5,145.31185913085938,97.66999816894531,160.69903564453125,96.80999755859375,146.92584228515625,99.0
149.5573272705078,98.31999969482422,144.8333740234375,99.76000213623047,159.6667938232422,98.22000122070312,146.39755249023438,99.95999908447266
149.1046905517578,103.0199966430664,144.78514099121094,102.47000122070312,159.07835388183594,101.2699966430664,146.28750610351562,103.0199966430664
149.121337890625,102.83999633789062,145.13980102539062,102.98999786376953,158.9021453857422,102.5999984741211,146.63235473632812,104.11000061035156
149.39987182617188,104.08000183105469,145.71971130371094,104.83000183105469,158.87669372558594,103.62999725341797,147.00445556640625,105.05000305175781
149.85134887695312,105.18000030517578,146.48658752441406,105.22000122070312,159.09791564941406,104.52999877929688,147.4951171875,105.48999786376953
150.56800842285156,104.8499984741211,147.59274291992188,105.11000061035156,159.61695861816406,104.69999694824219,148.1357421875,105.4800033569336
151.35964965820312,105.4000015258789,148.82730102539062,106.73999786376953,160.39483642578125,105.3499984741211,148.82073974609375,106.73999786376953
152.04995727539062,106.6500015258789,149.92283630371094,107.33999633789062,161.280517578125,106.36000061035156,149.49935913085938,107.37000274658203
152.4969940185547,106.95999908447266,150.68212890625,106.9800033569336,162.00531005859375,105.9000015258789,149.97457885742188,107.3499984741211
152.66976928710938,108.01000213623047,151.13919067382812,108.0,162.4883575439453,107.20999908447266,150.16314697265625,108.04000091552734
152.78134155273438,108.22000122070312,151.5416717529297,109.4000015258789,162.95068359375,108.01000213623047,150.3447723388672,110.30000305175781
152.83987426757812,109.36000061035156,151.81927490234375,108.5999984741211,163.3693084716797,107.72000122070312,150.50469970703125,109.48999786376953
152.77549743652344,109.0999984741211,151.92062377929688,108.86000061035156,163.640625,108.12999725341797,150.48968505859375,109.30000305175781
152.71124267578125,108.5999984741211,152.03335571289062,108.69999694824219,163.9303436279297,107.80000305175781,150.4768829345703,108.79000091552734
152.640625,108.75,152.1200714111328,109.01000213623047,164.24908447265625,108.55000305175781,150.45799255371094,109.31999969482422
152.739990234375,109.0199966430664,152.37448120117188,108.83000183105469,164.7385711669922,108.66999816894531,150.623779296875,109.33000183105469
153.0242919921875,108.69999694824219,152.7884521484375,109.69999694824219,165.4021759033203,108.4000015258789,150.9459228515625,109.75
153.45994567871094,109.37999725341797,153.32205200195312,111.25,166.22784423828125,109.37000274658203,151.41915893554688,111.43000030517578
153.9797821044922,111.80000305175781,153.85321044921875,112.81999969482422,167.12918090820312,111.5999984741211,152.0445098876953,113.44999694824219
154.6492156982422,113.1500015258789,154.44305419921875,114.18000030517578,168.02780151367188,111.20999908447266,152.84024047851562,114.19000244140625
155.51651000976562,114.2699966430664,155.20968627929688,113.98999786376953,168.91021728515625,113.30000305175781,153.70632934570312,117.27999877929688
156.68251037597656,113.94000244140625,156.3419647216797,115.47000122070312,170.0054473876953,113.88999938964844,154.85025024414062,115.69000244140625
157.8873291015625,115.44000244140625,157.50735473632812,114.66999816894531,171.11334228515625,113.80000305175781,155.96945190429688,115.73999786376953
159.1212921142578,114.91000366210938,158.68453979492188,116.30999755859375,172.22740173339844,114.8499984741211,157.048095703125,116.86000061035156
160.43283081054688,117.51000213623047,159.86990356445312,116.47000122070312,173.4180908203125,116.02999877929688,158.1366424560547,117.56999969482422
161.65281677246094,116.8499984741211,160.9223175048828,118.62999725341797,174.5147705078125,116.62000274658203,159.15606689453125,118.7699966430664
162.8005828857422,119.06999969482422,161.908203125,117.5999984741211,175.46214294433594,117.44999694824219,160.05841064453125,119.75
163.62234497070312,117.94000244140625,162.5011749267578,119.0,176.0869140625,117.83000183105469,160.67919921875,119.0999984741211
164.3044891357422,119.2699966430664,163.06161499023438,118.93000030517578,176.47244262695312,118.05000305175781,161.11512756347656,119.4000015258789
165.0475311279297,118.80999755859375,163.90133666992188,115.06999969482422,176.96194458007812,111.2699966430664,161.6611328125,119.25
164.63790893554688,113.5,163.3089599609375,114.62999725341797,176.4993133544922,112.75,161.2192840576172,115.75
163.587158203125,115.75,162.12686157226562,115.93000030517578,175.22109985351562,115.11000061035156,160.1958770751953,116.3499984741211
162.87637329101562,115.7699966430664,161.6078338623047,115.48999786376953,174.15402221679688,115.29000091552734,159.60848999023438,117.19999694824219
162.27621459960938,115.98999786376953,161.36785888671875,115.0,173.30078125,114.63999938964844,159.23284912109375,116.08000183105469
161.576171875,114.0999984741211,161.1310577392578,112.4000015258789,172.4892578125,111.62000274658203,158.84304809570312,114.6500015258789
160.27635192871094,110.19000244140625,160.18618774414062,114.12000274658203,171.22117614746094,109.3499984741211,157.92430114746094,114.30000305175781
158.58999633789062,114.41000366210938,158.868896484375,111.94999694824219,169.5740966796875,111.54000091552734,156.70513916015625,114.8499984741211
157.28651428222656,112.26000213623047,158.1573486328125,111.62000274658203,168.2731475830078,111.33999633789062,155.9217529296875,113.80000305175781
156.04978942871094,110.45999908447266,157.6195068359375,109.7300033569336,167.2269287109375,109.58000183105469,155.26651000976562,111.87000274658203
154.5415496826172,110.69999694824219,156.7504119873047,108.2300033569336,166.1033935546875,106.3499984741211,154.384033203125,111.5999984741211
152.80398559570312,106.37000274658203,155.5806427001953,106.75,164.82284545898438,106.26000213623047,153.29171752929688,110.16000366210938
150.9095001220703,107.12000274658203,154.27340698242188,109.41000366210938,163.4684600830078,106.81999969482422,152.05810546875,109.83999633789062
149.5015106201172,111.87000274658203,153.617431640625,112.6500015258789,162.63975524902344,110.66000366210938,151.33892822265625,112.6500015258789
149.06077575683594,112.26000213623047,153.9940643310547,111.77999877929688,162.80804443359375,111.66000366210938,151.566162109375,113.23999786376953
148.5899200439453,112.16000366210938,154.0198974609375,112.94000244140625,163.0706787109375,111.97000122070312,151.666748046875,113.48999786376953
148.48489379882812,113.2300033569336,154.3817596435547,112.54000091552734,163.59043884277344,112.45999908447266,151.88563537597656,113.33000183105469
148.91651916503906,112.58000183105469,155.29638671875,112.01000213623047,164.69825744628906,112.01000213623047,152.47183227539062,112.70999908447266
149.64308166503906,112.0999984741211,156.4340057373047,113.98999786376953,166.2154541015625,112.01000213623047,153.23876953125,114.5199966430664
150.44635009765625,113.79000091552734,157.4917449951172,113.91000366210938,167.88504028320312,113.69999694824219,154.09323120117188,114.7699966430664
151.33914184570312,113.63999938964844,158.5000762939453,112.5199966430664,169.5150909423828,112.11000061035156,154.95938110351562,113.91999816894531
151.92478942871094,112.81999969482422,159.02706909179688,110.37999725341797,170.78054809570312,110.20999908447266,155.45423889160156,113.12999725341797
152.03306579589844,111.38999938964844,158.92575073242188,109.33000183105469,171.4954376220703,107.3499984741211,155.47994995117188,111.44000244140625
151.62171936035156,108.29000091552734,158.17726135253906,106.25,171.5546112060547,105.41000366210938,155.0230712890625,108.6500015258789
150.82833862304688,106.54000091552734,156.84625244140625,106.26000213623047,170.9493865966797,104.62999725341797,154.21873474121094,107.43000030517578
149.90760803222656,107.19999694824219,155.49111938476562,107.75,169.96693420410156,106.69999694824219,153.37841796875,108.19999694824219
149.6624298095703,109.2300033569336,155.05455017089844,111.88999938964844,169.4195098876953,108.69999694824219,153.16452026367188,112.1500015258789
150.1555938720703,112.66999816894531,155.41807556152344,112.01000213623047,169.58082580566406,110.20999908447266,153.6982421875,113.25
151.04901123046875,112.5999984741211,156.08975219726562,109.25,170.04518127441406,108.80000305175781,154.45684814453125,112.62999725341797
151.73699951171875,111.43000030517578,156.44384765625,110.22000122070312,170.3085479736328,108.91000366210938,154.86740112304688,112.80000305175781
152.12710571289062,109.04000091552734,156.4588623046875,109.80000305175781,170.29153442382812,108.5,155.02435302734375,110.48999786376953
152.24990844726562,110.0,156.27955627441406,106.81999969482422,169.9471435546875,106.66000366210938,154.8836212158203,110.05999755859375
152.0703582763672,107.02999877929688,155.83973693847656,105.98999786376953,169.33807373046875,105.19999694824219,154.51901245117188,107.58000183105469
151.2765655517578,107.83999633789062,154.73851013183594,108.72000122070312,168.1466064453125,106.5,153.66970825195312,108.97000122070312
150.785888671875,108.94999694824219,154.24490356445312,109.55000305175781,167.1377716064453,108.2699966430664,153.17140197753906,111.05999755859375
150.6829376220703,110.26000213623047,154.313720703125,112.4000015258789,166.60787963867188,109.72000122070312,153.10958862304688,112.47000122070312
150.818603515625,112.30000305175781,154.67254638671875,112.9800033569336,166.4328155517578,111.52999877929688,153.32659912109375,113.75
151.10369873046875,113.73999786376953,155.21859741210938,113.0999984741211,166.48744201660156,112.80000305175781,153.67678833007812,114.36000061035156
151.2725372314453,112.41999816894531,155.59378051757812,109.13999938964844,166.53358459472656,109.02999877929688,153.92198181152344,112.4800033569336
150.36114501953125,117.62999725341797,154.5548095703125,115.30999755859375,165.59222412109375,115.30999755859375,153.14804077148438,118.12000274658203
149.4291534423828,116.31999969482422,153.41050720214844,118.9000015258789,164.36251831054688,115.55999755859375,152.55404663085938,119.19000244140625
148.70338439941406,118.4000015258789,152.81805419921875,117.16000366210938,163.16026306152344,116.8499984741211,152.0825958251953,120.0
148.31661987304688,118.05000305175781,152.8209228515625,118.62999725341797,162.48037719726562,116.08000183105469,151.96652221679688,119.16999816894531
148.27545166015625,118.5,153.3714141845703,118.6500015258789,162.3582000732422,117.61000061035156,152.16732788085938,119.08999633789062
148.675048828125,118.5,154.45736694335938,119.55999755859375,162.90562438964844,118.30999755859375,152.77914428710938,120.51000213623047
149.1914520263672,120.0199966430664,155.51187133789062,119.94000244140625,163.76104736328125,119.25,153.5203857421875,120.2300033569336
149.97828674316406,120.0199966430664,156.81253051757812,118.93000030517578,164.89691162109375,118.44999694824219,154.4204559326172,120.25
150.72097778320312,118.55000305175781,157.96533203125,119.72000122070312,166.1122283935547,118.43000030517578,155.22598266601562,119.83999633789062
151.34747314453125,120.16999816894531,158.9604034423828,122.0199966430664,167.26119995117188,120.16000366210938,155.9195556640625,122.1500015258789
151.98545837402344,122.7699966430664,159.8354034423828,124.87999725341797,168.4150390625,122.5,156.67991638183594,124.91999816894531
152.6839599609375,126.05999755859375,160.58450317382812,126.45999908447266,169.4892120361328,125.56999969482422,157.470703125,127.4800033569336
153.508544921875,127.27999877929688,161.31861877441406,127.08000183105469,170.50938415527344,125.6500015258789,158.2965545654297,127.27999877929688
154.36807250976562,127.48999786376953,162.0474853515625,127.83000183105469,171.44998168945312,126.91999816894531,159.020263671875,128.8800048828125
155.24981689453125,127.62999725341797,162.7953338623047,128.72000122070312,172.41952514648438,127.44999694824219,159.78216552734375,128.77999877929688
156.25193786621094,128.47999572753906,163.71485900878906,128.4499969482422,173.46792602539062,128.3300018310547,160.6158905029297,129.02999877929688
157.40676879882812,128.6199951171875,164.8551788330078,129.5,174.70745849609375,128.0500030517578,161.6018829345703,129.5
158.4852294921875,130.02000427246094,165.87806701660156,133.0,175.9363250732422,129.66000366210938,162.56158447265625,133.0
159.5565948486328,132.94000244140625,166.8009033203125,132.1699981689453,177.10447692871094,131.1699981689453,163.573486328125,133.60000610351562
160.49864196777344,131.55999755859375,167.45883178710938,128.7899932861328,177.9857635498047,128.14999389648438,164.36666870117188,131.60000610351562
160.8089141845703,128.7899932861328,167.32533264160156,130.4199981689453,178.15567016601562,126.61000061035156,164.4724884033203,130.8699951171875
160.6830291748047,130.0,166.73580932617188,128.4600067138672,177.7738494873047,128.24000549316406,164.22525024414062,130.57000732421875
160.7472686767578,129.25,166.54432678222656,129.08999633789062,177.39739990234375,128.3000030517578,164.1352081298828,130.27999877929688
161.05966186523438,128.9600067138672,166.84339904785156,129.36000061035156,177.3347930908203,128.08999633789062,164.33590698242188,129.52000427246094
161.526123046875,129.10000610351562,167.47872924804688,128.5399932861328,177.57711791992188,128.32000732421875,164.75765991210938,129.55999755859375
162.03817749023438,128.5800018310547,168.26548767089844,126.41000366210938,178.0155029296875,125.76000213623047,165.29022216796875,128.75
162.0423126220703,128.39999389648438,168.4114227294922,126.5999984741211,178.07327270507812,126.26000213623047,165.39483642578125,129.3699951171875
161.6696014404297,127.95999908447266,168.07041931152344,127.13999938964844,177.67784118652344,125.05999755859375,165.17796325683594,129.57000732421875
160.87464904785156,126.41000366210938,167.1698760986328,124.51000213623047,176.7191619873047,123.80000305175781,164.552490234375,127.22000122070312
159.75567626953125,124.75,166.01376342773438,122.23999786376953,175.32034301757812,122.11000061035156,163.59898376464844,124.7699966430664
158.4268341064453,122.30999755859375,164.78797912597656,124.44999694824219,173.73626708984375,121.62999725341797,162.51942443847656,124.9000015258789
157.38197326660156,124.4000015258789,164.1634521484375,123.58999633789062,172.51687622070312,122.58000183105469,161.84100341796875,125.4000015258789
156.71763610839844,123.87999725341797,164.07562255859375,124.94999694824219,171.8465118408203,122.87000274658203,161.62261962890625,124.94999694824219
156.34776306152344,125.9000015258789,164.40826416015625,127.04000091552734,171.66793823242188,125.6500015258789,161.7325897216797,127.31999969482422
156.34815979003906,127.0,165.094482421875,128.47000122070312,172.02096557617188,126.37000274658203,162.235595703125,129.16000366210938
156.35459899902344,128.75,165.60533142089844,127.5,172.47067260742188,127.4000015258789,162.6944122314453,129.25
156.40211486816406,128.25,166.1095733642578,125.9000015258789,172.98204040527344,125.16000366210938,163.09312438964844,128.39999389648438
156.0443115234375,127.12000274658203,166.02316284179688,127.20999908447266,173.1697540283203,126.5199966430664,163.05001831054688,127.8499984741211
155.8432159423828,127.2300033569336,166.2030792236328,126.69000244140625,173.47625732421875,126.55999755859375,163.13856506347656,128.0399932861328
155.8563690185547,126.54000091552734,166.6268310546875,123.37999725341797,174.06568908691406,123.37999725341797,163.41659545898438,126.81999969482422
155.55068969726562,122.76000213623047,166.54135131835938,124.23999786376953,174.41091918945312,122.5999984741211,163.3422393798828,124.87999725341797
155.05218505859375,124.56999969482422,166.18496704101562,123.25,174.51097106933594,122.91000366210938,163.05917358398438,124.69999694824219
154.79034423828125,124.05000305175781,166.07215881347656,126.37000274658203,174.74766540527344,124.0,162.98086547851562,126.4000015258789
154.8323974609375,126.08999633789062,166.2373046875,124.43000030517578,175.2618865966797,124.36000061035156,163.21446228027344,126.48999786376953
155.0312042236328,124.81999969482422,166.45973205566406,124.25,175.8765106201172,123.0999984741211,163.51727294921875,125.12000274658203
155.14141845703125,125.02999877929688,166.50222778320312,125.31999969482422,176.3821258544922,124.19000244140625,163.6703643798828,125.55999755859375
155.48922729492188,124.47000122070312,166.80630493164062,127.3499984741211,177.0445098876953,124.33000183105469,164.02671813964844,127.51000213623047
156.01116943359375,127.63999938964844,167.25738525390625,126.01000213623047,177.8504638671875,125.9800033569336,164.54673767089844,128.1199951171875
156.7081756591797,125.8499984741211,167.8294677734375,125.5999984741211,178.7454071044922,124.97000122070312,165.17283630371094,126.4000015258789
157.16671752929688,125.8499984741211,168.04664611816406,126.55999755859375,179.37184143066406,124.66000366210938,165.49533081054688,126.58000183105469
157.6315155029297,125.94999694824219,168.27635192871094,127.0999984741211,179.9009246826172,125.26000213623047,165.7976837158203,127.20999908447266
158.083984375,128.3699951171875,168.46937561035156,126.8499984741211,180.3507537841797,126.61000061035156,166.0887451171875,128.57000732421875
158.65440368652344,127.0,168.78489685058594,126.30000305175781,180.8079833984375,125.91000366210938,166.4656219482422,127.29000091552734
159.07958984375,126.41000366210938,168.9485321044922,126.77999877929688,181.08984375,126.01000213623047,166.6518096923828,127.12999725341797
159.41098022460938,126.27999877929688,169.05728149414062,126.16999816894531,181.2777099609375,126.11000061035156,166.77886962890625,127.0999984741211
159.6381378173828,125.55000305175781,169.07887268066406,124.75,181.34072875976562,124.45999908447266,166.8227081298828,126.13999938964844
159.43832397460938,125.56999969482422,168.54246520996094,127.5999984741211,180.97129821777344,125.16999816894531,166.467529296875,128.1199951171875
159.27764892578125,128.10000610351562,168.09185791015625,126.91000366210938,180.4901123046875,126.66999816894531,166.1737823486328,128.1999969482422
159.28543090820312,126.98999786376953,167.92567443847656,128.6199951171875,180.1076202392578,126.31999969482422,166.038818359375,128.8699951171875
159.2548065185547,128.3000030517578,167.7886199951172,129.6699981689453,179.764892578125,128.13999938964844,165.92181396484375,130.4199981689453
159.283203125,130.49000549316406,167.75509643554688,130.27999877929688,179.50823974609375,129.22999572753906,165.91505432128906,130.6300048828125
159.33786010742188,132.30999755859375,167.78004455566406,132.64999389648438,179.28797912597656,131.14999389648438,165.94305419921875,133.1300048828125
159.18246459960938,134.4600067138672,167.38311767578125,130.55999755859375,178.8628692626953,129.57000732421875,165.8038787841797,134.5399932861328
158.55746459960938,130.16000366210938,166.1963348388672,128.63999938964844,177.74847412109375,128.3000030517578,165.082763671875,131.58999633789062
157.7729949951172,128.63999938964844,165.0565643310547,125.1500015258789,176.3013153076172,124.58000183105469,164.09933471679688,128.63999938964844
156.7672882080078,126.0999984741211,163.82008361816406,128.9499969482422,174.7575225830078,125.30000305175781,163.0019989013672,130.1300048828125
156.2460479736328,129.5,163.4804229736328,128.6999969482422,173.78358459472656,128.25999450683594,162.55250549316406,130.57000732421875
156.3561248779297,128.14999389648438,164.0386199951172,125.80000305175781,173.64015197753906,125.77999877929688,162.83177185058594,128.4499969482422
156.3787384033203,126.55999755859375,164.44876098632812,125.01000213623047,173.64517211914062,123.36000061035156,163.01361083984375,126.75
156.07986450195312,124.7699966430664,164.35850524902344,125.26000213623047,173.42872619628906,124.0199966430664,162.8863983154297,126.08000183105469
155.91058349609375,126.68000030517578,164.48428344726562,127.62000274658203,173.3062286376953,126.11000061035156,162.86639404296875,127.62000274658203
156.08291625976562,127.38999938964844,165.0108184814453,126.31999969482422,173.59078979492188,125.62999725341797,163.24478149414062,127.55999755859375
156.32659912109375,125.5999984741211,165.56900024414062,125.87000274658203,173.99954223632812,124.81999969482422,163.6392822265625,126.87999725341797
156.38612365722656,126.1500015258789,165.846923828125,126.01000213623047,174.2998809814453,125.87000274658203,163.8290557861328,127.19000244140625
156.57522583007812,127.41000366210938,166.29466247558594,128.9499969482422,174.7177276611328,127.16000366210938,164.13543701171875,128.9499969482422
156.9390869140625,129.07000732421875,166.91207885742188,128.77000427246094,175.3474578857422,128.2100067138672,164.64828491210938,129.49000549316406
157.3640899658203,128.3800048828125,167.533203125,130.19000244140625,176.0359649658203,128.36000061035156,165.17298889160156,130.72000122070312
157.6474151611328,130.69000244140625,167.89971923828125,130.07000732421875,176.60047912597656,129.63999938964844,165.53704833984375,130.8800048828125
157.9540252685547,130.0,168.24659729003906,130.05999755859375,177.11289978027344,129.33999633789062,165.87342834472656,130.97999572753906
158.20303344726562,130.07000732421875,168.51467895507812,131.38999938964844,177.55177307128906,129.8300018310547,166.11209106445312,131.6300048828125
158.4806365966797,131.60000610351562,168.81922912597656,132.5399932861328,178.02169799804688,131.39999389648438,166.39605712890625,132.97000122070312
158.8563690185547,132.60000610351562,169.20123291015625,129.6199951171875,178.56544494628906,129.1199951171875,166.7861328125,132.91000366210938
158.81117248535156,130.33999633789062,168.9158935546875,132.0399932861328,178.64871215820312,130.0500030517578,166.7001953125,132.25999450683594
158.80677795410156,131.86000061035156,168.71409606933594,131.77999877929688,178.6067352294922,131.10000610351562,166.60528564453125,131.9499969482422
159.09664916992188,131.22999572753906,168.94432067871094,130.27999877929688,178.83206176757812,129.89999389648438,166.79779052734375,131.4499969482422
159.231689453125,130.27999877929688,168.95176696777344,130.5399932861328,178.994873046875,130.0500030517578,166.8673858642578,131.38999938964844
159.4597625732422,129.86000061035156,169.10264587402344,129.9600067138672,179.1988983154297,129.32000732421875,167.00950622558594,130.66000366210938
159.67523193359375,130.66000366210938,169.25262451171875,130.1199951171875,179.42417907714844,129.89999389648438,167.1490936279297,130.94000244140625
160.00213623046875,129.5800018310547,169.5545196533203,129.36000061035156,179.76065063476562,128.91000366210938,167.4185028076172,130.5800018310547
160.16127014160156,129.5,169.61668395996094,128.64999389648438,179.95179748535156,128.36000061035156,167.518798828125,129.69000244140625
160.21102905273438,128.89999389648438,169.54124450683594,127.80000305175781,179.98411560058594,126.83000183105469,167.4938507080078,129.2100067138672
159.9983673095703,126.69999694824219,169.10328674316406,127.41999816894531,179.7191162109375,125.62000274658203,167.2136688232422,128.0800018310547
159.5289764404297,127.91999816894531,168.32923889160156,128.8800048828125,179.09060668945312,127.8499984741211,166.66065979003906,129.33999633789062
159.40261840820312,129.17999267578125,168.06997680664062,128.58999633789062,178.6807861328125,128.47999572753906,166.45071411132812,130.17999267578125
159.49342346191406,128.19000244140625,168.16171264648438,127.16999816894531,178.5381622314453,127.11000061035156,166.4423828125,128.3300018310547
159.40650939941406,126.0999984741211,168.05886840820312,126.91999816894531,178.3087615966797,125.70999908447266,166.26101684570312,127.23999786376953
159.08770751953125,127.02999877929688,167.6958770751953,127.5999984741211,177.88101196289062,126.37000274658203,165.87237548828125,127.8499984741211
158.94435119628906,127.72000122070312,167.62220764160156,127.30000305175781,177.58819580078125,126.73999786376953,165.69351196289062,127.87999725341797
158.86891174316406,127.2300033569336,167.6593780517578,127.87999725341797,177.41867065429688,127.22000122070312,165.6207275390625,128.30999755859375
158.78854370117188,127.70999908447266,167.69293212890625,126.5999984741211,177.29180908203125,126.4000015258789,165.5782928466797,127.81999969482422
158.45286560058594,127.48999786376953,167.3365478515625,127.61000061035156,176.92103576660156,127.08000183105469,165.2732696533203,128.05999755859375
158.21243286132812,127.4800033569336,167.1533660888672,127.02999877929688,176.56845092773438,126.87999725341797,165.04495239257812,127.61000061035156
158.0177001953125,127.20999908447266,167.0790557861328,128.11000061035156,176.31246948242188,127.12000274658203,164.87127685546875,129.8000030517578
157.77816772460938,128.86000061035156,166.89163208007812,127.5,176.0581817626953,127.5,164.715087890625,129.1999969482422
157.65521240234375,127.66999816894531,166.86668395996094,126.75,175.8642120361328,126.51000213623047,164.6299591064453,127.98999786376953
157.35848999023438,125.45999908447266,166.6129913330078,124.52999877929688,175.56739807128906,124.4800033569336,164.36480712890625,126.47000122070312
156.76243591308594,125.56999969482422,165.97010803222656,125.43000030517578,174.96286010742188,124.86000061035156,163.76763916015625,126.12000274658203
156.28509521484375,126.9000015258789,165.5093994140625,126.5999984741211,174.41159057617188,125.98999786376953,163.30923461914062,126.94000244140625
156.1928253173828,126.43000030517578,165.568115234375,126.44000244140625,174.2447052001953,125.7699966430664,163.2658233642578,126.69000244140625
156.22909545898438,124.94000244140625,165.77272033691406,126.0,174.30970764160156,124.8499984741211,163.35992431640625,126.2300033569336
156.2147216796875,125.88999938964844,165.87864685058594,125.69000244140625,174.4009246826172,123.7699966430664,163.39878845214844,126.1500015258789
156.06922912597656,124.4800033569336,165.72410583496094,122.56999969482422,174.3604278564453,122.54000091552734,163.30917358398438,124.63999938964844
155.5178680419922,123.8499984741211,164.93284606933594,120.06999969482422,173.83349609375,119.22000122070312,162.72555541992188,124.05999755859375
154.55906677246094,121.94000244140625,163.54310607910156,123.27999877929688,172.7448272705078,121.20999908447266,161.66236877441406,123.8499984741211
153.84616088867188,125.02999877929688,162.5702362060547,125.66000366210938,171.71131896972656,124.31999969482422,160.87310791015625,125.76000213623047
153.90728759765625,126.04000091552734,162.66709899902344,125.61000061035156,171.4248809814453,125.04000091552734,160.90460205078125,126.37000274658203
154.4018096923828,125.72000122070312,163.27772521972656,126.81999969482422,171.73524475097656,125.58000183105469,161.34104919433594,127.1500015258789
155.0764923095703,127.73999786376953,164.04165649414062,128.50999450683594,172.37615966796875,127.3499984741211,161.9566192626953,128.57000732421875
155.9365234375,129.0800018310547,164.957275390625,129.6199951171875,173.2486572265625,128.30999755859375,162.76718139648438,129.6199951171875
156.71592712402344,130.97000122070312,165.67770385742188,132.07000732421875,174.04934692382812,130.6999969482422,163.4837646484375,132.97000122070312
157.4913330078125,132.85000610351562,166.29519653320312,130.75,174.7869415283203,130.32000732421875,164.19412231445312,132.9199981689453
157.83982849121094,121.98999786376953,166.24618530273438,125.22000122070312,175.0122833251953,121.98999786376953,164.37257385253906,125.5
156.46995544433594,126.19999694824219,163.96034240722656,125.16000366210938,173.45265197753906,125.05999755859375,162.6490478515625,127.08999633789062
155.797607421875,125.31999969482422,162.97142028808594,124.5,172.1835174560547,123.9000015258789,161.65707397460938,125.73999786376953
155.5082244873047,123.08999633789062,162.73260498046875,122.7699966430664,171.47242736816406,122.12000274658203,161.1590576171875,123.61000061035156
155.23251342773438,123.37999725341797,162.61831665039062,123.37999725341797,171.0043487548828,122.55000305175781,160.79287719726562,123.91000366210938
155.27505493164062,123.1500015258789,162.9581756591797,122.98999786376953,170.9656982421875,122.2699966430664,160.83541870117188,123.5
155.3807830810547,122.31999969482422,163.3355712890625,122.37000274658203,171.12733459472656,121.70999908447266,160.98594665527344,122.56999969482422
155.4011688232422,122.5999984741211,163.5800323486328,121.30000305175781,171.27708435058594,120.91000366210938,161.0624542236328,122.63999938964844
155.25408935546875,121.5,163.57688903808594,118.44000244140625,171.29100036621094,117.5199966430664,160.997314453125,122.56999969482422
154.5098419189453,117.41999816894531,162.7323455810547,114.63999938964844,170.69671630859375,113.25,160.32286071777344,117.69999694824219
152.4699249267578,112.94999694824219,160.16587829589844,115.4000015258789,168.65493774414062,112.0999984741211,158.34910583496094,117.44000244140625
150.2068328857422,115.97000122070312,157.5584259033203,115.12999725341797,166.04510498046875,114.12000274658203,156.16574096679688,116.5
148.86468505859375,114.58000183105469,156.4655303955078,115.5199966430664,164.3043975830078,114.5,154.93528747558594,116.25
148.32945251464844,116.52999877929688,156.49600219726562,119.72000122070312,163.67320251464844,116.52999877929688,154.57901000976562,119.98999786376953
148.61378479003906,117.80999755859375,157.35801696777344,113.48999786376953,164.0823974609375,113.33000183105469,155.1611785888672,118.18000030517578
148.2320556640625,112.52999877929688,157.03517150878906,115.23999786376953,163.9710693359375,109.62999725341797,155.0025634765625,115.41999816894531
147.08628845214844,116.04000091552734,155.77557373046875,115.1500015258789,163.0067138671875,114.54000091552734,154.04656982421875,116.4000015258789
146.8490753173828,114.31999969482422,155.81263732910156,115.95999908447266,162.72731018066406,114.01000213623047,153.8926544189453,116.30999755859375
147.0954132080078,116.04000091552734,156.41383361816406,117.16000366210938,163.11990356445312,115.5,154.17813110351562,117.6500015258789
147.83145141601562,116.43000030517578,157.47216796875,116.5,164.10061645507812,116.01000213623047,154.95245361328125,117.44000244140625
148.6619415283203,116.0999984741211,158.48886108398438,115.01000213623047,165.2562255859375,114.68000030517578,155.75070190429688,116.5199966430664
149.0974884033203,114.08000183105469,158.9302215576172,112.6500015258789,166.1009979248047,111.62999725341797,156.1553192138672,114.3499984741211
148.7032012939453,110.43000030517578,158.33056640625,105.76000213623047,166.1210174560547,105.6500015258789,155.75289916992188,111.9000015258789
146.69044494628906,94.87000274658203,155.74362182617188,103.12000274658203,164.46914672851562,92.0,153.83786010742188,108.80000305175781
142.40882873535156,111.11000061035156,150.73733520507812,103.73999786376953,160.42262268066406,103.5,149.84439086914062,111.11000061035156
139.92576599121094,107.08999633789062,148.56243896484375,109.69000244140625,157.5997314453125,105.05000305175781,147.8883819580078,109.88999938964844
138.56259155273438,112.2300033569336,147.8643341064453,112.91999816894531,156.11764526367188,110.0199966430664,147.06692504882812,113.23999786376953
138.8306884765625,112.16999816894531,148.84886169433594,113.29000091552734,156.25042724609375,111.54000091552734,147.71075439453125,113.30999755859375
140.12147521972656,112.02999877929688,150.5977020263672,112.76000213623047,157.40963745117188,112.0,148.89527893066406,114.52999877929688
141.74005126953125,110.1500015258789,152.3850860595703,107.72000122070312,159.0588836669922,107.36000061035156,150.2443084716797,111.87999725341797
142.40533447265625,110.2300033569336,152.85308837890625,112.33999633789062,159.97610473632812,109.12999725341797,150.62908935546875,112.33999633789062
143.1282958984375,112.48999786376953,153.49365234375,110.37000274658203,160.84532165527344,110.04000091552734,151.15216064453125,112.77999877929688
143.94586181640625,108.97000122070312,154.23110961914062,109.2699966430664,161.78536987304688,108.51000213623047,151.72999572753906,110.44999694824219
144.30999755859375,111.75,154.45962524414062,112.30999755859375,162.37252807617188,110.31999969482422,151.85369873046875,112.55999755859375
144.86256408691406,113.76000213623047,154.96731567382812,110.1500015258789,163.10865783691406,109.7699966430664,152.3074951171875,114.0199966430664
144.94480895996094,110.2699966430664,154.78762817382812,112.56999969482422,163.3928985595703,109.9000015258789,152.3692626953125,113.27999877929688
144.75640869140625,111.79000091552734,154.36517333984375,114.20999908447266,163.2595977783203,111.76000213623047,152.10220336914062,114.20999908447266
144.90576171875,116.58000183105469,154.47665405273438,115.30999755859375,163.3870849609375,114.86000061035156,152.1871337890625,116.88999938964844
145.5304718017578,115.93000030517578,155.1061248779297,116.27999877929688,163.9877166748047,114.41999816894531,152.81118774414062,116.52999877929688
146.17874145507812,116.25,155.69000244140625,116.41000366210938,164.62669372558594,115.44000244140625,153.3494873046875,116.54000091552734
146.87135314941406,115.66000366210938,156.3456268310547,113.91999816894531,165.36276245117188,113.72000122070312,153.92874145507812,116.48999786376953
146.9923858642578,112.20999908447266,156.27159118652344,113.44999694824219,165.64480590820312,111.87000274658203,154.02337646484375,114.30000305175781
146.38365173339844,113.66999816894531,155.38510131835938,115.20999908447266,165.159423828125,113.66000366210938,153.4522705078125,115.37000274658203
146.1497802734375,113.37999725341797,155.1380157470703,113.4000015258789,164.85723876953125,112.5199966430664,153.27731323242188,114.18000030517578
145.97024536132812,113.62999725341797,154.99560546875,114.31999969482422,164.66607666015625,113.30000305175781,153.13827514648438,114.72000122070312
146.1916961669922,113.25,155.37701416015625,115.0,164.87680053710938,112.37000274658203,153.39065551757812,115.5
146.4581298828125,116.44000244140625,155.7340850830078,114.70999908447266,165.23007202148438,114.0199966430664,153.73233032226562,116.69000244140625
146.8717041015625,113.8499984741211,156.1603240966797,112.44000244140625,165.6754913330078,112.44000244140625,154.22161865234375,114.56999969482422
146.90443420410156,112.83000183105469,156.06825256347656,109.05999755859375,165.7247772216797,107.86000061035156,154.20791625976562,113.51000213623047
146.26318359375,110.16999816894531,155.2119140625,110.30000305175781,165.11990356445312,108.7300033569336,153.568359375,111.54000091552734
145.5015411376953,109.06999969482422,154.37786865234375,109.58000183105469,164.2857208251953,107.30999755859375,152.8599395751953,109.62000274658203
144.72308349609375,108.01000213623047,153.6416015625,110.37999725341797,163.41497802734375,107.55000305175781,152.14215087890625,111.01000213623047
144.27142333984375,109.87999725341797,153.38043212890625,110.77999877929688,162.86251831054688,109.06999969482422,151.77880859375,111.37000274658203
144.30264282226562,110.62999725341797,153.66152954101562,111.30999755859375,162.79139709472656,109.7699966430664,151.8626708984375,111.73999786376953
144.642822265625,111.73999786376953,154.2058868408203,110.77999877929688,163.06419372558594,109.41000366210938,152.18746948242188,111.7699966430664
145.05165100097656,110.19000244140625,154.72793579101562,109.5,163.44581604003906,108.20999908447266,152.5162353515625,110.19000244140625
144.99224853515625,110.0,154.6271514892578,112.12000274658203,163.44540405273438,109.48999786376953,152.3937225341797,112.27999877929688
145.05467224121094,112.7300033569336,154.72845458984375,111.5999984741211,163.48016357421875,111.44000244140625,152.42279052734375,112.75
145.5216522216797,110.81999969482422,155.33262634277344,111.79000091552734,163.8751983642578,110.68000030517578,152.77194213867188,112.44999694824219
145.88096618652344,111.29000091552734,155.78536987304688,110.20999908447266,164.31031799316406,109.55999755859375,153.01902770996094,111.5199966430664
145.8681182861328,110.93000030517578,155.77023315429688,111.86000061035156,164.45989990234375,110.48999786376953,152.947509765625,112.0999984741211
145.81930541992188,111.77999877929688,155.7632598876953,111.04000091552734,164.5439453125,110.52999877929688,152.88931274414062,112.0
145.67233276367188,110.80000305175781,155.64157104492188,111.7300033569336,164.5453643798828,110.11000061035156,152.7510986328125,111.75
145.4818878173828,111.33999633789062,155.5096893310547,113.7699966430664,164.51419067382812,110.81999969482422,152.57232666015625,114.16999816894531
145.31455993652344,114.0,155.3780517578125,113.76000213623047,164.53872680664062,113.69999694824219,152.53347778320312,115.58000183105469
145.37701416015625,114.33000183105469,155.4557342529297,115.5,164.70159912109375,114.0999984741211,152.70437622070312,115.5
145.48251342773438,116.69999694824219,155.5272216796875,119.08000183105469,164.90115356445312,116.33000183105469,152.88088989257812,119.2300033569336
145.82479858398438,118.08000183105469,155.7999267578125,115.27999877929688,165.30149841308594,114.91999816894531,153.38009643554688,118.12999725341797
145.7403564453125,115.4000015258789,155.426025390625,114.55000305175781,165.2178497314453,113.98999786376953,153.3262481689453,116.54000091552734
145.21884155273438,116.93000030517578,154.6137237548828,119.2699966430664,164.64404296875,116.05999755859375,152.83126831054688,119.30000305175781
144.98641967773438,118.69999694824219,154.25949096679688,120.52999877929688,164.27029418945312,118.2699966430664,152.81114196777344,120.69000244140625
145.492431640625,120.98999786376953,154.79879760742188,119.5,164.4732666015625,119.44999694824219,153.33023071289062,121.22000122070312
146.4853515625,120.80000305175781,155.83209228515625,121.18000030517578,165.24668884277344,119.61000061035156,154.2220458984375,121.36000061035156
147.87075805664062,120.79000091552734,157.2428741455078,122.56999969482422,166.47216796875,120.69999694824219,155.36245727539062,123.48999786376953
149.36102294921875,123.12999725341797,158.69264221191406,122.0,167.94049072265625,121.62000274658203,156.65975952148438,123.81999969482422
150.78024291992188,121.8499984741211,159.9635467529297,120.91999816894531,169.3422393798828,120.18000030517578,157.8389892578125,122.69000244140625
151.80880737304688,121.11000061035156,160.77525329589844,121.05999755859375,170.3685302734375,120.62000274658203,158.5674591064453,121.80999755859375
152.65245056152344,120.95999908447266,161.48123168945312,120.56999969482422,171.21044921875,120.05000305175781,159.14498901367188,121.80999755859375
153.2998504638672,116.9000015258789,162.0359344482422,116.7699966430664,171.87753295898438,116.05999755859375,159.58323669433594,118.06999969482422
152.9332733154297,116.37000274658203,161.4005889892578,116.11000061035156,171.58740234375,115.20999908447266,159.06979370117188,117.41999816894531
152.33627319335938,116.26000213623047,160.677734375,115.72000122070312,170.88604736328125,115.6500015258789,158.37539672851562,116.81999969482422
151.88526916503906,115.19999694824219,160.28929138183594,112.33999633789062,170.27076721191406,112.2699966430664,157.8577880859375,115.56999969482422
151.09068298339844,111.37999725341797,159.51963806152344,114.18000030517578,169.38572692871094,111.0,157.0399932861328,114.23999786376953
150.16705322265625,114.91999816894531,158.7161407470703,113.69000244140625,168.3643035888672,113.31999969482422,156.15396118164062,115.05000305175781
149.7245330810547,115.76000213623047,158.5699920654297,117.29000091552734,167.8033905029297,115.5,155.80014038085938,117.48999786376953
149.59461975097656,117.63999938964844,158.6992645263672,118.77999877929688,167.6367950439453,116.76000213623047,155.85084533691406,119.75
149.65899658203125,119.19999694824219,158.93283081054688,119.30000305175781,167.64581298828125,118.8499984741211,156.05032348632812,119.91999816894531
149.8594207763672,119.2699966430664,159.2751922607422,117.75,167.80520629882812,117.33999633789062,156.31536865234375,119.7300033569336
149.87210083007812,117.33000183105469,159.368896484375,118.87999725341797,167.85928344726562,117.12000274658203,156.33663940429688,119.3499984741211
149.6279754638672,119.20999908447266,159.17112731933594,118.02999877929688,167.72715759277344,117.91999816894531,156.15489196777344,119.2300033569336
149.56509399414062,118.29000091552734,159.26747131347656,117.80999755859375,167.74954223632812,117.5999984741211,156.13644409179688,118.41000366210938
149.57530212402344,117.98999786376953,159.49966430664062,118.30000305175781,167.96319580078125,117.75,156.20237731933594,119.41000366210938
149.44468688964844,118.75,159.48724365234375,117.33999633789062,168.14527893066406,116.86000061035156,156.23422241210938,118.80999755859375
149.14564514160156,117.33999633789062,159.2069854736328,116.27999877929688,168.09738159179688,116.08000183105469,156.0545654296875,118.11000061035156
148.66525268554688,116.55000305175781,158.71524047851562,115.19999694824219,167.84397888183594,114.22000122070312,155.66693115234375,116.79000091552734
147.952392578125,115.29000091552734,157.9542999267578,119.02999877929688,167.34840393066406,115.11000061035156,155.06063842773438,119.25
147.34884643554688,118.9800033569336,157.32046508789062,118.27999877929688,166.90086364746094,117.80999755859375,154.68203735351562,119.86000061035156
147.31134033203125,117.5199966430664,157.3484649658203,118.2300033569336,166.86788940429688,116.86000061035156,154.7603759765625,118.5999984741211
147.3424072265625,117.63999938964844,157.40289306640625,115.62000274658203,166.98898315429688,115.08000183105469,154.83682250976562,117.69000244140625
147.17909240722656,116.04000091552734,157.1609344482422,116.16999816894531,166.9543914794922,115.51000213623047,154.704345703125,116.94000244140625
147.1746063232422,115.19000244140625,157.1533660888672,113.18000030517578,167.01785278320312,112.8499984741211,154.68087768554688,115.38999938964844
146.89122009277344,112.18000030517578,156.77825927734375,112.4800033569336,166.870849609375,109.79000091552734,154.3928680419922,112.68000030517578
146.0833740234375,111.94000244140625,155.7848358154297,110.48999786376953,166.18450927734375,110.3499984741211,153.63882446289062,112.80000305175781
145.36631774902344,111.06999969482422,154.9957275390625,111.33999633789062,165.4361572265625,108.80000305175781,152.9662628173828,111.98999786376953
144.75936889648438,112.0199966430664,154.3914031982422,108.9800033569336,164.7792510986328,108.9800033569336,152.4154815673828,112.25
144.46192932128906,108.91000366210938,154.173095703125,106.02999877929688,164.3854522705078,105.80999755859375,152.1060028076172,109.5199966430664
143.3488311767578,107.27999877929688,152.88870239257812,107.33000183105469,163.33587646484375,105.56999969482422,151.12234497070312,107.37000274658203
142.47315979003906,107.4000015258789,152.07765197753906,107.2300033569336,162.28260803222656,106.44999694824219,150.227294921875,107.72000122070312
142.25306701660156,107.2699966430664,152.1712646484375,108.61000061035156,161.9401397705078,107.19999694824219,149.95025634765625,108.8499984741211
142.54380798339844,109.0,152.79806518554688,108.02999877929688,162.22909545898438,107.94999694824219,150.19155883789062,109.0
143.2584686279297,107.58999633789062,153.79995727539062,106.81999969482422,162.97998046875,106.18000030517578,150.74490356445312,107.69000244140625
143.62881469726562,106.95999908447266,154.26974487304688,108.73999786376953,163.5608367919922,106.86000061035156,150.96633911132812,109.43000030517578
143.85899353027344,108.58000183105469,154.54721069335938,107.31999969482422,164.00160217285156,107.18000030517578,151.12973022460938,108.69999694824219
143.922119140625,107.01000213623047,154.59591674804688,105.26000213623047,164.23553466796875,104.81999969482422,151.0974578857422,107.02999877929688
143.32183837890625,102.61000061035156,153.85009765625,105.3499984741211,163.8647003173828,102.0,150.43299865722656,105.37000274658203
141.79193115234375,105.75,152.06773376464844,102.70999908447266,162.58364868164062,102.41000366210938,148.97503662109375,105.8499984741211
140.2015838623047,100.55999755859375,150.41598510742188,100.69999694824219,161.06478881835938,99.87000274658203,147.5315704345703,102.37000274658203
137.97354125976562,98.68000030517578,148.2074432373047,96.44999694824219,159.0410614013672,96.43000030517578,145.5668182373047,100.12999725341797
135.116455078125,98.55000305175781,145.5677490234375,96.95999908447266,156.53453063964844,96.76000213623047,143.20689392089844,99.11000061035156
132.47825622558594,98.97000122070312,143.59603881835938,98.52999877929688,154.29957580566406,97.33999633789062,141.32208251953125,99.05999755859375
130.690185546875,100.55000305175781,142.83822631835938,99.95999908447266,152.927978515625,98.83999633789062,140.35888671875,100.69000244140625
129.93392944335938,100.31999969482422,143.08297729492188,97.38999938964844,152.66795349121094,97.30000305175781,140.326171875,101.19000244140625
129.3279571533203,97.95999908447266,143.14097595214844,99.5199966430664,152.6549530029297,95.73999786376953,140.3101348876953,100.4800033569336
128.70480346679688,96.19999694824219,142.99359130859375,97.12999725341797,152.60325622558594,95.36000061035156,140.18734741210938,97.70999908447266
127.63863372802734,98.41000366210938,142.28604125976562,96.66000366210938,152.1606903076172,95.5,139.68197631835938,98.6500015258789
127.12273406982422,95.0999984741211,142.16851806640625,96.79000091552734,152.0348358154297,93.41999816894531,139.50225830078125,98.19000244140625
126.44115447998047,97.05999755859375,141.79736328125,96.30000305175781,151.85562133789062,94.94000244140625,139.216552734375,97.87999725341797
